[login-card-background.jpg]
filters=Vignette=1,50.000000,1.584795,44.444447,00000000;
moddate=44b22baa7ef2d401
width=670
height=179
textactive=0
